{
 "cells": [
  {
   "cell_type": "markdown",
   "metadata": {},
   "source": [
    "# Data manipulation with numpy: tips and tricks, part 1\n",
    "\n",
    "Some inobvious examples of what you can do with numpy are collected here.\n",
    "\n",
    "Examples are mostly coming from area of machine learning, but will be useful if you're doing number crunching in python."
   ]
  },
  {
   "cell_type": "code",
   "execution_count": 1,
   "metadata": {
    "collapsed": false
   },
   "outputs": [
    {
     "name": "stdout",
     "output_type": "stream",
     "text": [
      "Populating the interactive namespace from numpy and matplotlib\n"
     ]
    }
   ],
   "source": [
    "%pylab inline\n",
    "import numpy"
   ]
  },
  {
   "cell_type": "markdown",
   "metadata": {},
   "source": [
    "## 1. numpy.argsort"
   ]
  },
  {
   "cell_type": "markdown",
   "metadata": {},
   "source": [
    "### Sorting values of one array according to the other\n",
    "\n",
    "Say, we want to order the people according to their age and their heights."
   ]
  },
  {
   "cell_type": "code",
   "execution_count": 2,
   "metadata": {
    "collapsed": false
   },
   "outputs": [
    {
     "name": "stdout",
     "output_type": "stream",
     "text": [
      "[48 57 40 53 50 59 54 53 32 36]\n",
      "[166 171 202 168 156 181 195 160 153 178]\n"
     ]
    }
   ],
   "source": [
    "ages = numpy.random.randint(low=30, high=60, size=10)\n",
    "heights =  numpy.random.randint(low=150, high=210, size=10)\n",
    "print ages\n",
    "print heights"
   ]
  },
  {
   "cell_type": "code",
   "execution_count": 3,
   "metadata": {
    "collapsed": false
   },
   "outputs": [
    {
     "name": "stdout",
     "output_type": "stream",
     "text": [
      "[32 36 40 48 50 53 53 54 57 59]\n",
      "[153 178 202 166 156 168 160 195 171 181]\n"
     ]
    }
   ],
   "source": [
    "sorter = numpy.argsort(ages)\n",
    "print ages[sorter]\n",
    "print heights[sorter]"
   ]
  },
  {
   "cell_type": "markdown",
   "metadata": {},
   "source": [
    "once you computed permutation, you can apply it many times - this is fast. \n",
    "\n",
    "Frequently to solve this problem people use sorted(zip(ages, heights)), which is much slower (10-20 times slower on large arrays)."
   ]
  },
  {
   "cell_type": "markdown",
   "metadata": {},
   "source": [
    "### Computing inverse of permutation\n",
    "\n",
    "permutations in numpy are simply arrays:"
   ]
  },
  {
   "cell_type": "code",
   "execution_count": 4,
   "metadata": {
    "collapsed": false
   },
   "outputs": [
    {
     "name": "stdout",
     "output_type": "stream",
     "text": [
      "[3 6 2 5 8 0 9 1 7 4]\n",
      "['a' 'b' 'c' 'd' 'e' 'f' 'g' 'h' 'i' 'j']\n",
      "['d' 'g' 'c' 'f' 'i' 'a' 'j' 'b' 'h' 'e']\n"
     ]
    }
   ],
   "source": [
    "permutation = numpy.random.permutation(10)\n",
    "original = numpy.array(list('abcdefghij'))\n",
    "\n",
    "print permutation\n",
    "print original\n",
    "print original[permutation]"
   ]
  },
  {
   "cell_type": "markdown",
   "metadata": {},
   "source": [
    "__Inverse permutation__ is computed using numpy.argsort (again!)"
   ]
  },
  {
   "cell_type": "code",
   "execution_count": 5,
   "metadata": {
    "collapsed": false
   },
   "outputs": [
    {
     "name": "stdout",
     "output_type": "stream",
     "text": [
      "['a' 'b' 'c' 'd' 'e' 'f' 'g' 'h' 'i' 'j']\n"
     ]
    }
   ],
   "source": [
    "inverse_permutation = numpy.argsort(permutation)\n",
    "\n",
    "print original[permutation][inverse_permutation]"
   ]
  },
  {
   "cell_type": "markdown",
   "metadata": {},
   "source": [
    "__This is true because of two facts__:\n",
    "\n",
    "1. indexing operation is associative (dramatically simple and interesting fact):\n",
    "   ```\n",
    "   a[b][c] = a[b[c]]\n",
    "   ```\n",
    "   provided that `a`, `b`, `c` are 1-dimensional arrays\n",
    "   \n",
    "2. `permutation[inverse_permutation] is identical permutation:"
   ]
  },
  {
   "cell_type": "code",
   "execution_count": 6,
   "metadata": {
    "collapsed": false
   },
   "outputs": [
    {
     "data": {
      "text/plain": [
       "array([0, 1, 2, 3, 4, 5, 6, 7, 8, 9])"
      ]
     },
     "execution_count": 6,
     "metadata": {},
     "output_type": "execute_result"
    }
   ],
   "source": [
    "permutation[inverse_permutation]"
   ]
  },
  {
   "cell_type": "markdown",
   "metadata": {},
   "source": [
    "### Computing order of elements in array\n",
    "\n",
    "frequently it is important to compute order of each value in array. \n",
    "\n",
    "In other words, for each element in array we want to find the number of elements smaller than given."
   ]
  },
  {
   "cell_type": "code",
   "execution_count": 7,
   "metadata": {
    "collapsed": false
   },
   "outputs": [
    {
     "name": "stdout",
     "output_type": "stream",
     "text": [
      "[ 0.18876798  0.33988201  0.57112439  0.17273985  0.85323547  0.45800298\n",
      "  0.22264742  0.61841973  0.95750711  0.464747  ]\n",
      "[1 3 6 0 8 4 2 7 9 5]\n"
     ]
    }
   ],
   "source": [
    "data = numpy.random.random(10)\n",
    "\n",
    "print data\n",
    "print numpy.argsort(numpy.argsort(data))"
   ]
  },
  {
   "cell_type": "markdown",
   "metadata": {},
   "source": [
    "__NB:__ there is scipy function which does the same, but it's more general and faster, so prefer using it:"
   ]
  },
  {
   "cell_type": "code",
   "execution_count": 8,
   "metadata": {
    "collapsed": false
   },
   "outputs": [
    {
     "data": {
      "text/plain": [
       "array([ 1.,  3.,  6.,  0.,  8.,  4.,  2.,  7.,  9.,  5.])"
      ]
     },
     "execution_count": 8,
     "metadata": {},
     "output_type": "execute_result"
    }
   ],
   "source": [
    "from scipy.stats import rankdata\n",
    "rankdata(data) - 1"
   ]
  },
  {
   "cell_type": "markdown",
   "metadata": {},
   "source": [
    "### IronTransform (flattener of distribution)\n",
    "\n",
    "Sometimes you need to write monotonic tranformation, which turns one distribution into uniform.\n",
    "\n",
    "This method is useful to compare distributions or to work with distributions with heavy tails or strange shape."
   ]
  },
  {
   "cell_type": "code",
   "execution_count": 9,
   "metadata": {
    "collapsed": true
   },
   "outputs": [],
   "source": [
    "class IronTransform:\n",
    "    def fit(self, data, weights):\n",
    "        weights = weights / numpy.sum(weights)\n",
    "        sorter = numpy.argsort(data)\n",
    "        self.x = data[sorter]\n",
    "        self.y = numpy.cumsum(weights[sorter])\n",
    "        return self\n",
    "        \n",
    "    def transform(self, data):\n",
    "        return numpy.interp(data, self.x, self.y)"
   ]
  },
  {
   "cell_type": "markdown",
   "metadata": {},
   "source": [
    "Let's apply __Iron__ transformation to data"
   ]
  },
  {
   "cell_type": "code",
   "execution_count": 10,
   "metadata": {
    "collapsed": false
   },
   "outputs": [],
   "source": [
    "sig_pred = numpy.random.normal(size=10000) + 1\n",
    "bck_pred = numpy.random.normal(size=10000) - 1"
   ]
  },
  {
   "cell_type": "code",
   "execution_count": 11,
   "metadata": {
    "collapsed": false
   },
   "outputs": [
    {
     "data": {
      "image/png": "iVBORw0KGgoAAAANSUhEUgAAAXsAAAEACAYAAABS29YJAAAABHNCSVQICAgIfAhkiAAAAAlwSFlz\nAAALEgAACxIB0t1+/AAAE8BJREFUeJzt3X+MHOV9x/H3YZvGrlOuDg1nbKtLiRFYgZBfQFpSbxsH\nuVGKXUWCRErkC6it5PyiPyLOiRT2/rGORE1IVVEpSQkmjU2dEJ2goq5t1G1zbYPpGhPgcLFJtmA7\ne8Q/LqnD1fHZ1z9mzl7udva8v2bv9nm/pNXOPs/Mzndl+7PjZ2aeBUmSJEmSJEmSJEmSJEmSJDXJ\nA8AI8GxZ25eAF4BngO8Bl5T1bQIOAPuBW8ra3xm/xwHgqy2sV5JUh/cCb+f1Yf9+4KJ4eSB+AKwC\n9gELgAxwEOiK+/YAN8TLjwNrW1axJGmai2bo/z5wYkrbLuBsvPwksDxeXgdsA04DRaKwvxFYCryR\nKPABHgLWN1K0JKk2M4X9TO4gOlIHuBw4VNZ3CFhWof1w3C5JSkkjYf954JfA1ibVIklqkfl1btcL\nfAB4X1nbYWBF2evlREf0hzk/1DPZfrjSm1555ZUTL730Up0lSVKwXgLe0uibZHj9Cdq1wPPApVPW\nmzxBezFwRbzzyRO0TxKN33dR/QTtRCe755572l1Cy3TyZ5uY8PPNdZ3++YCJmYJ8piP7bcDqONhf\nAe4hurzyYqITtQD/CWwEhoHt8fN43DZZwEbgQWBhHPY7ZipMktQ8M4X9Ryq0PVBl/c3xY6oCcO2F\nFiVJaq5Gr8ZRDbLZbLtLaJlO/mzg55vrOv3zXYiumVdJVTz8JEm6UF1dXTBDnntkL0kBMOwlKQCG\nvSQFwLCXpAAY9pIUAMNekgJg2EtSAAx7SQpAvbNeSrNCX66P0mgpsb+nu4eB3EBivxQKw15zWmm0\nRGZ9JrG/OFhMrRZpNnMYR5ICYNhLUgAMe0kKgGEvSQHwBK1mvWpX3BT2FaqeoJUUMew161W74mZo\nz1C6xUhzlMM4khQAw16SAmDYS1IAHLOX2qCv715KpbHE/v37n+Hqq9+W2N/Ts5CBgbtbUZo6lGEv\ntUGpNEYmk0vsHxpaX7W/WEzukypxGEeSAmDYS1IAHMZR2800TbE3TkmNM+zVdjNNU+yNU1LjHMaR\npADMFPYPACPAs2VtS4BdwIvATqC7rG8TcADYD9xS1v7O+D0OAF9trGRJUq1mCvtvAmuntPURhf1V\nwBPxa4BVwO3x81rgfqAr7vtb4E5gZfyY+p6SpBaaKey/D5yY0nYrsCVe3gKsj5fXAduA00AROAjc\nCCwF3gjsidd7qGwbSVIK6hmzv4xoaIf4+bJ4+XLgUNl6h4BlFdoPx+2SpJQ0eoJ2In5Ikmaxei69\nHAF6gBLREM2rcfthYEXZesuJjugPx8vl7YeT3jyXy51bzmazZLPZOkqUpM6Vz+fJ5/M1bVNP2D8K\nbADujZ8Hy9q3Al8mGqZZSTROPwH8nGj8fg/wMeCvk968POzVGbxpSmquqQfC/f39M24zU9hvA1YD\nlwKvAF8ABoDtRFfXFIHb4nWH4/ZhYBzYyPkhno3Ag8BC4HFgx4yVqWN405TUfjOF/UcS2tcktG+O\nH1MVgGsvtChJ1RUKBXp7c4n9ToGsqZwuQZqDxsbmOQWyauJ0CZIUAMNekgLgMI46WqFQoPeu3sT+\nnu4eBnID6RUktYlhr442dmas6pVAxcFiy/Zd7XdmC4VnyWRatmtpGsNeapFqvzM7NOT0UEqXY/aS\nFADDXpICYNhLUgAMe0kKgGEvSQEw7CUpAIa9JAXAsJekABj2khQA76CVOlC1+e6d6z5Mhr3UgarN\nd+9c92Ey7KU6VZvoDJzsTLOLYS/VqdpEZ+BkZ5pdPEErSQEw7CUpAIa9JAXAsJekABj2khQAw16S\nAmDYS1IAvM5eQSsUCvTe1ZvY39Pdw0BuIL2CpBYx7BW0sTNjZNZnEvuLg8XUapFayWEcSQpAI2G/\nCXgeeBbYCvwKsATYBbwI7AS6p6x/ANgP3NLAfiVJNao37DPAHwPvAK4F5gEfBvqIwv4q4In4NcAq\n4Pb4eS1wfwP7liTVqN7A/TlwGlhENO6/CDgC3ApsidfZAkzOBLUO2BZvUwQOAjfUuW9JUo3qDfvj\nwF8BLxOF/CjREf1lwEi8zkj8GuBy4FDZ9oeAZXXuW5JUo3qvxrkSuItoOOdnwHeAj05ZZyJ+JKnY\nl8vlzi1ns1my2WydJUpSZ8rn8+Tz+Zq2qTfs3wX8B3Asfv094D1ACeiJn5cCr8b9h4EVZdsvj9um\nKQ97SdJ0Uw+E+/v7Z9ym3mGc/cBNwEKgC1gDDAOPARvidTYAg/Hyo0QncC8GrgBWAnvq3LckqUb1\nHtk/AzwE/BdwFtgLfA14I7AduJPoROxt8frDcfswMA5spPoQjySpiRq5g/aL8aPccaKj/Eo2xw9J\nUsq81l2SAmDYS1IADHtJCoBhL0kBMOwlKQCGvSQFwLCXpAAY9pIUAMNekgJg2EtSAPzBcTWsL9dH\nabSU2F/YV6j6o96SWs+wV8NKo6WqYT60Zyi9YiRVZNhLgSkUCvT25hL7e3oWMjBwd3oFKRWGvRSY\nsbF5ZDK5xP5iMblPc5cnaCUpAIa9JAXAsJekABj2khQAw16SAmDYS1IADHtJCoBhL0kBMOwlKQDe\nQSsl2L17iNLQ0cSpBQqFZ8lkUi1JqpthLyU4eXKcxYuvT5xaYGhofboFSQ1wGEeSAmDYS1IADHtJ\nCkAjYd8NfBd4ARgGbgSWALuAF4Gd8TqTNgEHgP3ALQ3sV5JUo0bC/qvA48A1wHVEId5HFPZXAU/E\nrwFWAbfHz2uB+xvctySpBvUG7iXAe4EH4tfjwM+AW4EtcdsWYPJyhXXANuA0UAQOAjfUuW9JUo3q\nDfsrgJ8C3wT2Al8HfhW4DBiJ1xmJXwNcDhwq2/4QsKzOfUuSalTvdfbzgXcAnwSeAu7j/JDNpIn4\nkaRiXy6XO7eczWbJZrN1lig17siRAoP53op9I6f2snuojzU3D6RblIKXz+fJ5/M1bVNv2B+KH0/F\nr79LdAK2BPTEz0uBV+P+w8CKsu2Xx23TlIe91G7jF43Rnc1U7FuwZBEnj5fSLUhi+oFwf3//jNvU\nO4xTAl4hOhELsAZ4HngM2BC3bQAG4+VHgQ8DFxMNAa0E9tS5b0lSjRqZLuFTwLeJAvwl4OPAPGA7\ncCfRidjb4nWH4/ZhopO5G6k+xCNJaqJGwv4Z4N0V2tckrL85fkiSUua17pIUAMNekgJg2EtSAAx7\nSQqAYS9JAfCXqjSjvlwfpdHkm4cK+wpk1mfSK0hSzQx7zag0Wqoa5kN7htIrpsmOHjvB4GC+Yt+R\nn4xUbJfmIsNeQTszPkF3d7Zi38svP5xuMbNEoVBI/JF1gJ6ehQwM3J1eQWoKw17S64yNzUv8kXWA\nYjG5T7OXJ2glKQCGvSQFwLCXpAAY9pIUAMNekgJg2EtSAAx7SQqAYS9JATDsJSkAhr0kBcCwl6QA\nODeO1IAjRwoM5nsr9o2c2svuoT7W3DyQblFSBYa91IDxi8bozmYq9i1YsoiTx5N/B0BKk8M4khQA\nw16SAmDYS1IADHtJCoBhL0kBMOwlKQCNhv084Gngsfj1EmAX8CKwE+guW3cTcADYD9zS4H4lSTVo\nNOw/AwwDE/HrPqKwvwp4In4NsAq4PX5eC9zfhH1Lki5QI4G7HPgA8A2gK267FdgSL28B1sfL64Bt\nwGmgCBwEbmhg35KkGjQS9l8BPgucLWu7DBiJl0fi1wCXA4fK1jsELGtg35KkGtQ7XcIHgVeJxuuz\nCetMcH54J6l/mlwud245m82SzSa9vSSFKZ/Pk8/na9qm3rD/baIhmw8AbwB+DfgW0dF8D1AClhJ9\nIQAcBlaUbb88bpumPOyVjr5cH6XR5DlcCvsKZNZn0itIUlVTD4T7+/tn3KbesP9c/ABYDfwl8DHg\ni8AG4N74eTBe51FgK/BlouGblcCeOvetJiuNlqqG+dCeofSKkdQSzZr1cnJIZgDYDtxJdCL2trh9\nOG4fBsaBjVQf4pEkNVEzwv5f4wfAcWBNwnqb44ckKWXOZ6+OdvTYCQYH84n9p06dSq8YqY0Me3W0\nM+MTdHdnE/vPTjyVXjFSG3kXqyQFwLCXpAAY9pIUAMfsJdWkUCjQ25ur2NfTs5CBgbvTLUgXxLCX\nVJOxsXlkMrmKfcVi5Xa1n8M4khQAw16SAmDYS1IADHtJCoBhL0kBMOwlKQBeeim10JEjBQbzvdPa\nR07tZTDfy+L5Pay5eSD9whQcw15qofGLxujOZqa1L1iyiO7rMozmi6nXpDA5jCNJATDsJSkAhr0k\nBcCwl6QAGPaSFADDXpICYNhLUgAMe0kKgGEvSQEw7CUpAIa9JAXAsJekABj2khSAeme9XAE8BLwZ\nmAC+Bvw1sAT4B+A3gSJwGzAab7MJuAM4A3wa2Flv0apdX66P0mipYl9hX4HM+ky6BUlKVb1hfxr4\nM2AfsBgoALuAj8fPXwTuBvrixyrg9vh5GbAbuAo420DtqkFptJQY6EN7htItpomOHjvB4GA+sf/U\nqVPpFSMKhQK9vbnE/p6ehQwM3J1eQTqn3rAvxQ+Ak8ALRCF+K7A6bt8C5InCfh2wjehLoggcBG4A\nflDn/iUAzoxP0N2dTew/O/FUesWIsbF5ZDK5xP5iMblPrdWMMfsM8HbgSeAyYCRuH4lfA1wOHCrb\n5hDRl4MkKQWNhv1i4BHgM8D/TumbiB9JqvVJkpqokZ8lXEAU9N8CBuO2EaCHaIhnKfBq3H6Y6KTu\npOVx2zS5XO7ccjabJZvNNlCiJHWefD5PPp+vaZt6w74L+DtgGLivrP1RYANwb/w8WNa+Ffgy0fDN\nSmBPpTcuD3tJ0nRTD4T7+/tn3KbesP8d4KPAD4Gn47ZNwACwHbiT85deQvSlsD1+Hgc24jCOxJEj\nBQbzvdPaR07tZfdQH2tuHki/KHWkesN+iOTx/jUJ7Zvjh6TY+EVjdGcz09oXLFnEyeOV74uQ6uEd\ntJIUAMNekgJg2EtSAAx7SQqAYS9JATDsJSkAjdxBq1mk2hTG4DTGUugM+w5RbQpjmNvTGKtzOAVy\n+xj2klLjFMjtY9hrVtu9e4iRkeOJP1Dij5NIF8aw16x28uQ4CxYsSfyBEn+cRLowXo0jSQEw7CUp\nAIa9JAXAMXtplkqa6x6c7161M+ylWSpprntwvnvVzmEcSQqAYS9JATDsJSkAjtnPEU50phBUmzvH\neXMaY9jPEZ080dnRYycSp0M48pORdItRW1WbO8d5cxpj2KvtzoxPJE6H8PLLD6dbjNShDHtpjvI6\nfNXCsJfmKK/DVy28GkeSAuCRvaQ5wV+5aoxhP0t4aaVUnb9y1RjDfpYI9dJK8NemWiXpBO7Iqb0M\n5ntZPL/HE7gBSTvs1wL3AfOAbwD3prx/tUG1SyvBX5tqlaQTuAuWLKL7ugyj+WLqNal90gz7ecDf\nAGuAw8BTwKPACynW0Fb5fJ5sNtvuMlqiuK9I5vpMu8tomdFike5Mpt1ltEyxmCeTyba7jIZUG9Mv\nlYpcf/01QY/ppxn2NwAHgWL8+mFgHYGEfV+ujx07dnD9TddX7J/LY/JHj51gx8N5eoqZiv2dMEzT\niWFfPsxTKu6jJxP93Zyrwzwz3X1bKo2lW9Ask2bYLwNeKXt9CLgxxf231IWcYH3T1W9KDPTZPia/\ne/cQJ0+OV+x77Rf/R/fSa/1R8DmmfJhnNF88tzw5zDO89RFO5qf/nZ6rXwahX82TZthPtPLNn3vu\nOR7c+mBifxddfOJPPkGmytHZTIG9/7n9XP3Wqyv2FfYV+FDuQ4nbtjLMz549y9Fjx9m5M5+4zmuv\nvVb1PaqF+cjIcX5+YAGrrrm98v4N844005h/pS+DyS+Co6X9XNoz/d9KO78oZrqa55FH/jDx6L8T\nvgi6UtzXTUCO6CQtwCbgLK8/SXsQuDLFmiSpE7wEvKXdRUyaT1RQBrgY2Adc086CJEmt8QfAfxMd\nwW9qcy2SJEmSWulTRJdjPkfn3nT1F0TnK5a0u5Am+xLRn90zwPeAS9pbTtOsBfYDB4C5fZZuuhXA\nvwDPE/2b+3R7y2mJecDTwGPtLqQFuoHvEv27GyY6Nzon/B6wC1gQv/6NNtbSKiuAHcCP6bywfz/n\nZ1IdiB9z3TyiYccM0d/LTjvX1ANM3vyxmGiYtZM+H8CfA98muomz02wB7oiX5zOHDrC2A7/f7iJa\n7DvAdXRm2Jf7I+Dv211EE7yH6Mt5Ul/86FSDwPvaXUQTLQd2Ex1IdtqR/SXAjy505dk2n/1K4HeB\nHwB54F1trab51hHdTPbDdheSgjuAx9tdRBNUuhlwWZtqabUM8HbgyTbX0UxfAT5LNGzaaa4Afgp8\nE9gLfB1YlLRyO2a93EX0X8epPk9Uz68TjTu9m+hI/7fSK60pqn2+TcAtZW1p3ufQLEmf73OcP3L6\nPPBLYGtaRbVQS28GnEUWE439fgY42eZamuWDwKtE4/XZ9pbSEvOBdwCfJJpr7D6i/3V+oZ1FXah/\nAlaXvT4IvKlNtTTbW4ERouGbHwOnieYJenMba2qFXuDfgTe0uY5muYnXD+NsovNO0i4A/hm4q92F\nNNlmov+V/Rj4CfAL4KG2VtRcPUSfbdLNwD+2qZaa/SnQHy9fBbzcxlparRPH7NcSXdVxabsLaaJO\nvxmwiygAv9LuQlpsNZ03Zg/wb0RZCdEMBXPmCsYFwLeAZ4ECnflfr0k/ovPC/gDwP0T/bX4auL+9\n5TRNJ98MeDPRePY+zv+5ra26xdy0ms68GudtREM4nXa5syRJkiRJkiRJkiRJkiRJkiRJkiQ15v8B\nJzohAPB1tHsAAAAASUVORK5CYII=\n",
      "text/plain": [
       "<matplotlib.figure.Figure at 0x10d327350>"
      ]
     },
     "metadata": {},
     "output_type": "display_data"
    }
   ],
   "source": [
    "hist(sig_pred, bins=30, alpha=0.5)\n",
    "hist(bck_pred, bins=30, alpha=0.5)\n",
    "pass"
   ]
  },
  {
   "cell_type": "markdown",
   "metadata": {},
   "source": [
    "Now we can see that __IronTransform__ actually was able to turn signal distribution to uniform:"
   ]
  },
  {
   "cell_type": "code",
   "execution_count": 12,
   "metadata": {
    "collapsed": false
   },
   "outputs": [
    {
     "data": {
      "image/png": "iVBORw0KGgoAAAANSUhEUgAAAYAAAAEACAYAAAC6d6FnAAAABHNCSVQICAgIfAhkiAAAAAlwSFlz\nAAALEgAACxIB0t1+/AAAEoJJREFUeJzt3X2MHOVhx/HvYZtiCPhkGfk9WkRMiSMTBwtMQ6puWhdd\nUIStVgL6guxiVZVcBVqpLXYq1VylEqiiNEQRrhSa2KDEEQLVdRrLsWPYNlTFDo4Bw8X1S3MNt8Zn\nXhIgwQQfvv7xPOebXO5uZ+9ldm+f70ca7TPPPDP73CN7fjvP7NyBJEmSJEmSJEmSJEmSJEmSWlg7\n8DjwQ6ALWAnMBvYCR4E9sc2ATcAx4AhwU6Z+BXA4bntw0nstSRq3bcCdsTwdmAX8I/A3se4e4P5Y\nXgo8B8wASsBxoC1uOwBcH8u7gI7J7LQkaXxmAf87TP0RYG4sz4vrED7935Nptxu4AZhPuIIYcDvw\nzxPaU0lSbhfkaHMF8CrwNeAHwFeASwgn/97YppfBMFgA9GT27wEWDlNfjfWSpAbIEwDTgWuBh+Lr\nz4GNQ9r0x0WSNEVMz9GmJy7fj+uPE6Z5ThGmfk4RpndOx+1VYHFm/0Vx/2osZ+urQ9/syiuv7D9x\n4kT+n0CSdAL4UL075bkCOAW8DFwV11cBLwHfAtbGurXAjljeSZjfv5AwfbSEcPP3FPAW4RtEbcAd\nmX0Gf4oTJ+jv709+2bx5c8P70CyLY+FYOBajL8CV9Z78Id8VAMBngK/Hk/oJ4E+AacBjwHqgG7g1\ntu2K9V1AH7CBwemhDcBWYCbhW0C7x9JpSdL45Q2A54HrhqlfNUL7++Iy1EFgWc73lCRNojxTQGqA\ncrnc6C40DcdikGMxyLEYv7baTQrXH+e0JEk5tLW1wRjO514BSFKiDABJSpQBIEmJMgAkKVEGgCQl\nKu9zAIXq7e2t2eaiiy5i1qxZBfRGklpTU34N9M6/vXP0Bv39zJ42m8///ecL6pIkNa+xfg20Ka8A\nFq9aPOr2vvf6eH3f6wX1RpJak/cAJClRBoAkJcoAkKREGQCSlCgDQJISZQBIUqIMAElKlAEgSYky\nACQpUQaAJCXKAJCkRBkAkpQoA0CSEmUASFKiDABJSpQBIEmJMgAkKVEGgCQlKm8AdAMvAIeAA7Fu\nNrAXOArsAdoz7TcBx4AjwE2Z+hXA4bjtwbF2WpI0fnkDoB8oAx8Dro91GwkBcBWwL64DLAVui68d\nwEMM/rHiLcB6YElcOsbVe0nSmNUzBTT0L87fAmyL5W3AmlheDWwHzhKuHI4DK4H5wKUMXkE8ktlH\nklSweq4Avgs8C/xprJsL9MZyb1wHWAD0ZPbtARYOU1+N9ZKkBpies92NwCvA5YRpnyNDtvfHRZI0\nReQNgFfi66vAvxLuA/QC84BThOmd07FNFVic2XcR4ZN/NZaz9dXh3qyytXK+XFpeorS8lLObktT6\nKpUKlUpl3McZOq8/nIuBacDbwCWEb/x0AquA14EHCDeA2+PrUuAbhJBYSJg6+hDhCmE/cBfhPsC3\ngS8Bu4e8X//mpzaP2qG+9/p4fd/rbHlgS47uS1Jra2trg3zn81+S5wpgLuFT/0D7rxNC4FngMcK3\nerqBW2ObrljfBfQBGxicHtoAbAVmArv41ZO/JKkgeQLgR8DyYerfIFwFDOe+uAx1EFiWr2uSpMnk\nk8CSlCgDQJISZQBIUqIMAElKlAEgSYkyACQpUQaAJCXKAJCkRBkAkpQoA0CSEmUASFKiDABJSpQB\nIEmJMgAkKVEGgCQlygCQpEQZAJKUKANAkhJlAEhSogwASUqUASBJiTIAJClRBoAkJcoAkKREGQCS\nlCgDQJISZQBIUqIMAElKlAEgSYnKGwDTgEPAt+L6bGAvcBTYA7Rn2m4CjgFHgJsy9SuAw3Hbg2Pv\nsiRpIuQNgLuBLqA/rm8kBMBVwL64DrAUuC2+dgAPAW1x2xZgPbAkLh3j7LskaRzyBMAi4GbgYQZP\n5rcA22J5G7AmllcD24GzQDdwHFgJzAcuBQ7Edo9k9pEkNUCeAPgn4K+Bc5m6uUBvLPfGdYAFQE+m\nXQ+wcJj6aqyXJDXI9BrbPw2cJsz/l0do08/g1NCEqGytnC+XlpcoLS9N5OElaUqrVCpUKpVxH6dW\nAHycMN1zM3ARcBnwKOFT/zzgFGF653RsXwUWZ/ZfRPjkX43lbH11pDctryvn7b8kJadcLlMul8+v\nd3Z2juk4taaAPks4oV8B3A48CdwB7ATWxjZrgR2xvDO2uzDus4Qw738KeItwP6AtHmNgH0lSA9S6\nAhhqYKrnfuAxwrd6uoFbY31XrO8C+oANmX02AFuBmcAuYPcY+yxJmgD1BMB/xAXgDWDVCO3ui8tQ\nB4FldbyfJGkS+SSwJCXKAJCkRBkAkpQoA0CSEmUASFKiDABJSpQBIEmJMgAkKVEGgCQlygCQpEQZ\nAJKUKANAkhJlAEhSogwASUqUASBJiTIAJClRBoAkJcoAkKREGQCSlCgDQJISZQBIUqIMAElKlAEg\nSYkyACQpUQaAJCXKAJCkRBkAkpQoA0CSElUrAC4C9gPPAV3A52L9bGAvcBTYA7Rn9tkEHAOOADdl\n6lcAh+O2B8fbcUnS+NQKgHeBTwLLgWti+RPARkIAXAXsi+sAS4Hb4msH8BDQFrdtAdYDS+LSMVE/\nhCSpfnmmgN6JrxcC04CfALcA22L9NmBNLK8GtgNngW7gOLASmA9cChyI7R7J7CNJaoA8AXABYQqo\nF3gKeAmYG9eJr3NjeQHQk9m3B1g4TH011kuSGmR6jjbnCFNAs4DvEKaBsvrjMmEqWyvny6XlJUrL\nSxN5eEma0iqVCpVKZdzHyRMAA94Evk24mdsLzANOEaZ3Tsc2VWBxZp9FhE/+1VjO1ldHeqPyunId\n3ZKktJTLZcrl8vn1zs7OMR2n1hTQHAa/4TMT+F3gELATWBvr1wI7YnkncDvhfsEVhJu9BwhB8Rbh\nfkAbcEdmH0lSA9S6AphPuMl7QVweJXzr5xDwGOFbPd3ArbF9V6zvAvqADQxOD20AthKCZBewe2J+\nBEnSWNQKgMPAtcPUvwGsGmGf++Iy1EFgWf6uSZImk08CS1KiDABJSpQBIEmJMgAkKVEGgCQlygCQ\npEQZAJKUKANAkhJlAEhSogwASUqUASBJiTIAJClRBoAkJcoAkKREGQCSlCgDQJISZQBIUqIMAElK\nlAEgSYkyACQpUQaAJCXKAJCkRBkAkpQoA0CSEmUASFKiDABJSpQBIEmJMgAkKVF5AmAx8BTwEvAi\ncFesnw3sBY4Ce4D2zD6bgGPAEeCmTP0K4HDc9uB4Oi5JGp88AXAW+EvgI8ANwJ8DHwY2EgLgKmBf\nXAdYCtwWXzuAh4C2uG0LsB5YEpeOifghJEn1yxMAp4DnYvlnwA+BhcAtwLZYvw1YE8urge2E4OgG\njgMrgfnApcCB2O6RzD6SpILVew+gBHwM2A/MBXpjfW9cB1gA9GT26SEExtD6aqyXJDXA9DrafgB4\nArgbeHvItv64TIjK1sr5cml5idLy0kQdWpKmvEqlQqVSGfdx8gbADMLJ/1FgR6zrBeYRpojmA6dj\nfZVw43jAIsIn/2osZ+urw71ZeV05Z7ckKT3lcplyuXx+vbOzc0zHyTMF1Ab8C9AFfDFTvxNYG8tr\nGQyGncDtwIXAFYSbvQcIQfEW4X5AG3BHZh9JUsHyXAHcCPwx8AJwKNZtAu4HHiN8q6cbuDVu64r1\nXUAfsIHB6aENwFZgJrAL2D3O/kuSxihPADzNyFcKq0aovy8uQx0EluV4T0nSJPNJYElKlAEgSYky\nACQpUQaAJCXKAJCkRBkAkpQoA0CSEmUASFKiDABJSpQBIEmJMgAkKVEGgCQlygCQpEQZAJKUKANA\nkhJlAEhSogwASUqUASBJiTIAJClRBoAkJcoAkKREGQCSlCgDQJISZQBIUqKmN7oDY/XM/mdY9xfr\ncrWd1z6P+++9f3I7JElTzJQNgHf63qG0ppSrbfeO7kntiyRNRU4BSVKiDABJSlSeAPgq0AscztTN\nBvYCR4E9QHtm2ybgGHAEuClTvyIe4xjw4Ni7LEmaCHkC4GtAx5C6jYQAuArYF9cBlgK3xdcO4CGg\nLW7bAqwHlsRl6DElSQXKEwDfA34ypO4WYFssbwPWxPJqYDtwFugGjgMrgfnApcCB2O6RzD6SpAYY\n6z2AuYRpIeLr3FheAPRk2vUAC4epr8Z6SVKDTMRN4P64SJKmkLE+B9ALzANOEaZ3Tsf6KrA4024R\n4ZN/NZaz9dWRDl7ZWjlfLi0vUVpeGmM3Jan1VCoVKpXKuI8z1gDYCawFHoivOzL13wC+QJjiWUKY\n9+8H3iLcDzgA3AF8aaSDl9eVx9gtSWp95XKZcrl8fr2zs3NMx8kTANuB3wLmAC8DfwfcDzxG+FZP\nN3BrbNsV67uAPmADg9NDG4CtwExgF7B7TD2WJE2IPAHwByPUrxqh/r64DHUQWJanU5KkyeeTwJKU\nKANAkhJlAEhSogwASUqUASBJiTIAJClRBoAkJcoAkKRETdm/CVyPgwcP+gfkJWmIJALgzPtn/APy\nkjSEU0CSlCgDQJISZQBIUqIMAElKVBI3gevhN4YkpcIAGMJvDElKhVNAkpQoA0CSEmUASFKimvIe\nwLvvvjvq9r73+jh37lxBvZGk1tSUAfCdPc+Nuv1c3zlOv/oGu3Y9yXvv1b6I6e19g4cf/iZz5syb\n0Lb/929dXP7tDzJr1uyabWe2fYBLpl3O1Vd/tGZbgCNHns/dtt72rdy2WfrRDG2bpR/N0LZZ+jGZ\nP99YNGUAzLrshlG3n+vrA57n5z9/n8sv/+2ax5sxo4d33oH29vKEtv3xr/Xw/tLpLLpmTc22P610\n81rPTymV7q3ZFuDpp9fkbltv+1Zu2yz9aIa2zdKPZmjbLP2YvJ+vM2e7X9aUAdCKTp48yJlfvMmO\nyrqabT8wvfbVhySNlwFQkL4LzjDjuotpv6ZUs+1PK92T3h9J8ltAkpQorwCaUL3TRas+4a+jkFQ/\nA6AJ1TNd1PWNJ/hZ5RS9v/hBzcAwLCRlGQBTXN8FZ2gvl5gxu3ZgeG9BUlYjAqAD+CIwDXgYeKAB\nfUjSyZMH2VFZ59WCJKD4AJgGfBlYBVSB7wM7gR8W3I+md/bVdyb8mPVcLdQztfTaqSPMmXd1zbYD\n7YCabbMBdObMa6O+f0oci0GOxfgVHQDXA8eB7rj+TWA1BsCv6Htt4gOgrvevIyx+/M2nc7UdaAfU\nbDsQQACvvn04d7DA6OEy1a9sPOkNcizGr+gAWAi8nFnvAVYW3AdNAQMBBDCtd8b58nCywQKjh0s2\nWGD0sKgnWCar7VQPLDW3ogOgP0+jk89UahylH/r9ZXCqXzZYYPSwqCdYJqvt0MD6Wd8ruYMFRg6X\nvG2Ha1d0W0Nw8rQV/H43APcSbgQDbALO8cs3go8DVxbbLUma0k4AH2p0J2qZTuhoCbgQeA74cCM7\nJEkqzqeA/yF80t/U4L5IkiRJKkIHcAQ4BtwzQpsvxe3PAx8rqF+NUGss/ogwBi8A/wVcU1zXCpfn\n3wXAdUAf8HtFdKpB8oxFGTgEvAhUCulVY9QaiznAbsKU8ovAusJ6VqyvAr3A4VHaNP15cxph+qcE\nzGD4+wA3A7tieSXwTFGdK1iesfgNYFYsd5D2WAy0exL4d+D3i+pcwfKMRTvwErAors8pqnMFyzMW\n9wKfi+U5wOu05q+5+U3CSX2kAKj7vNmIXwedfRjsLIMPg2XdAmyL5f2Ef+xzC+pfkfKMxX8Db8by\nfgb/w7eaPGMB8BngceDVwnpWvDxj8YfAE4RnaQBa9amoPGPxCnBZLF9GCIC+gvpXpO8BPxlle93n\nzUYEwHAPgy3M0aYVT3x5xiJrPYMJ32ry/rtYDWyJ67meK5mC8ozFEmA28BTwLHBHMV0rXJ6x+Arw\nEeAkYerj7mK61nTqPm824jIp73/aoc8otOJ/9np+pk8CdwI3TlJfGi3PWHwR2BjbtlH8cyxFyTMW\nM4Brgd8BLiZcKT5DmP9tJXnG4rOEqaEy4RmivcBHgbcnr1tNq67zZiMCoAoszqwvZvAydqQ2i2Jd\nq8kzFhBu/H6FcA9gtEvAqSzPWKwgTAFAmOv9FGFaYOek965YecbiZcK0z5m4/CfhpNdqAZBnLD4O\n/EMsnwB+BPw64cooJVPivJnnYbDszYwbaN0bn3nG4oOEOdAbCu1Z8ep9SPBrtO63gPKMxdXAdwk3\nSS8m3BhcWlwXC5NnLL4AbI7luYSAmF1Q/4pWIt9N4KY+bw73MNifxWXAl+P25wmXuq2q1lg8TLip\ndSguB4ruYIHy/LsY0MoBAPnG4q8I3wQ6DNxVaO+KVWss5gDfIpwrDhNukLei7YT7HO8RrgDvJN3z\npiRJkiRJkiRJkiRJkiRJkiRJkiSl4f8Bb6emZ0GIS4QAAAAASUVORK5CYII=\n",
      "text/plain": [
       "<matplotlib.figure.Figure at 0x10d456210>"
      ]
     },
     "metadata": {},
     "output_type": "display_data"
    }
   ],
   "source": [
    "iron = IronTransform().fit(sig_pred, weights=numpy.ones(len(sig_pred)))\n",
    "\n",
    "hist(iron.transform(sig_pred), bins=30, alpha=0.5)\n",
    "hist(iron.transform(bck_pred), bins=30, alpha=0.5)\n",
    "pass"
   ]
  },
  {
   "cell_type": "markdown",
   "metadata": {},
   "source": [
    "Also worth mentioning: to fight very small / large numbers, use `numpy.clip`. Simple and very handy:"
   ]
  },
  {
   "cell_type": "code",
   "execution_count": 13,
   "metadata": {
    "collapsed": false
   },
   "outputs": [
    {
     "data": {
      "text/plain": [
       "array([-15, -10,   0,  10,  15])"
      ]
     },
     "execution_count": 13,
     "metadata": {},
     "output_type": "execute_result"
    }
   ],
   "source": [
    "numpy.clip([-100, -10, 0, 10, 100], a_min=-15, a_max=15)"
   ]
  },
  {
   "cell_type": "code",
   "execution_count": 14,
   "metadata": {
    "collapsed": false
   },
   "outputs": [
    {
     "name": "stdout",
     "output_type": "stream",
     "text": [
      "[-5 -4 -3 -2 -1  0  1  2  3  4]\n",
      "[0 0 0 0 0 0 1 2 3 4]\n"
     ]
    }
   ],
   "source": [
    "x =numpy.arange(-5, 5)\n",
    "print x\n",
    "print x.clip(0)"
   ]
  },
  {
   "cell_type": "markdown",
   "metadata": {},
   "source": [
    "# 2. Broadcasting, numpy.newaxis\n",
    "\n",
    "[Broadcasting](http://docs.scipy.org/doc/numpy/user/basics.broadcasting.html) is very useful trick, which simplifies many operations."
   ]
  },
  {
   "cell_type": "markdown",
   "metadata": {
    "collapsed": true
   },
   "source": [
    "### Weighted covariation matrix\n",
    "numpy has `cov` function, but it doesn't support weights of samples. Let's write our own covariation matrix.\n",
    "\n",
    "Let $X_{ij}$ be the original data. $i$ is indexing samples, $j$ is indexing features.\n",
    "$COV_{jk} = \\sum_i X_{ij} w_i X_{ik}$"
   ]
  },
  {
   "cell_type": "code",
   "execution_count": 15,
   "metadata": {
    "collapsed": true
   },
   "outputs": [],
   "source": [
    "data = numpy.random.normal(size=[100, 5])\n",
    "weights = numpy.random.random(100)"
   ]
  },
  {
   "cell_type": "code",
   "execution_count": 16,
   "metadata": {
    "collapsed": true
   },
   "outputs": [],
   "source": [
    "def covariation(data, weights):\n",
    "    weights = weights / weights.sum()\n",
    "    return data.T.dot(weights[:, numpy.newaxis] * data)"
   ]
  },
  {
   "cell_type": "code",
   "execution_count": 17,
   "metadata": {
    "collapsed": false
   },
   "outputs": [
    {
     "data": {
      "text/plain": [
       "array([[ 0.90685165,  0.00356514, -0.12894716,  0.03937398,  0.1663906 ],\n",
       "       [ 0.00356514,  0.8246978 , -0.01201887,  0.10577941,  0.18562202],\n",
       "       [-0.12894716, -0.01201887,  1.32759486,  0.03333471, -0.08284814],\n",
       "       [ 0.03937398,  0.10577941,  0.03333471,  1.02440454, -0.06659497],\n",
       "       [ 0.1663906 ,  0.18562202, -0.08284814, -0.06659497,  0.94100981]])"
      ]
     },
     "execution_count": 17,
     "metadata": {},
     "output_type": "execute_result"
    }
   ],
   "source": [
    "numpy.cov(data.T)"
   ]
  },
  {
   "cell_type": "code",
   "execution_count": 18,
   "metadata": {
    "collapsed": false
   },
   "outputs": [
    {
     "data": {
      "text/plain": [
       "array([[  9.09816762e-01,  -3.12337423e-04,  -1.26838506e-01,\n",
       "          6.67539288e-02,   1.40262953e-01],\n",
       "       [ -3.12337423e-04,   8.17677359e-01,  -1.21602154e-02,\n",
       "          9.58546593e-02,   1.91576029e-01],\n",
       "       [ -1.26838506e-01,  -1.21602154e-02,   1.31437468e+00,\n",
       "          3.48920447e-02,  -8.36850199e-02],\n",
       "       [  6.67539288e-02,   9.58546593e-02,   3.48920447e-02,\n",
       "          1.07826235e+00,  -1.22391496e-01],\n",
       "       [  1.40262953e-01,   1.91576029e-01,  -8.36850199e-02,\n",
       "         -1.22391496e-01,   9.81333236e-01]])"
      ]
     },
     "execution_count": 18,
     "metadata": {},
     "output_type": "execute_result"
    }
   ],
   "source": [
    "covariation(data, numpy.ones(len(data)))"
   ]
  },
  {
   "cell_type": "code",
   "execution_count": 19,
   "metadata": {
    "collapsed": false
   },
   "outputs": [
    {
     "data": {
      "text/plain": [
       "array([[  9.82174593e-01,  -2.38659658e-02,  -1.52640434e-01,\n",
       "          1.59653486e-01,   1.70825366e-01],\n",
       "       [ -2.38659658e-02,   7.90875598e-01,   3.09576460e-02,\n",
       "          1.30379765e-02,   1.78000700e-01],\n",
       "       [ -1.52640434e-01,   3.09576460e-02,   1.37891092e+00,\n",
       "         -5.91108276e-04,   2.21618059e-02],\n",
       "       [  1.59653486e-01,   1.30379765e-02,  -5.91108276e-04,\n",
       "          1.05140876e+00,  -1.36853522e-01],\n",
       "       [  1.70825366e-01,   1.78000700e-01,   2.21618059e-02,\n",
       "         -1.36853522e-01,   1.11695337e+00]])"
      ]
     },
     "execution_count": 19,
     "metadata": {},
     "output_type": "execute_result"
    }
   ],
   "source": [
    "covariation(data, weights)"
   ]
  },
  {
   "cell_type": "markdown",
   "metadata": {},
   "source": [
    "alternative way to do this is via `numpy.einsum`:"
   ]
  },
  {
   "cell_type": "code",
   "execution_count": 20,
   "metadata": {
    "collapsed": false
   },
   "outputs": [
    {
     "data": {
      "text/plain": [
       "array([[  9.82174593e-01,  -2.38659658e-02,  -1.52640434e-01,\n",
       "          1.59653486e-01,   1.70825366e-01],\n",
       "       [ -2.38659658e-02,   7.90875598e-01,   3.09576460e-02,\n",
       "          1.30379765e-02,   1.78000700e-01],\n",
       "       [ -1.52640434e-01,   3.09576460e-02,   1.37891092e+00,\n",
       "         -5.91108276e-04,   2.21618059e-02],\n",
       "       [  1.59653486e-01,   1.30379765e-02,  -5.91108276e-04,\n",
       "          1.05140876e+00,  -1.36853522e-01],\n",
       "       [  1.70825366e-01,   1.78000700e-01,   2.21618059e-02,\n",
       "         -1.36853522e-01,   1.11695337e+00]])"
      ]
     },
     "execution_count": 20,
     "metadata": {},
     "output_type": "execute_result"
    }
   ],
   "source": [
    "numpy.einsum('ij, ik, i -> jk', data, data, weights / weights.sum())"
   ]
  },
  {
   "cell_type": "markdown",
   "metadata": {},
   "source": [
    "### Pearson correlation\n",
    "\n",
    "One more example of broadcasting: computation of Pearson coefficient.\n"
   ]
  },
  {
   "cell_type": "code",
   "execution_count": 21,
   "metadata": {
    "collapsed": false
   },
   "outputs": [
    {
     "data": {
      "text/plain": [
       "array([[ 1.        ,  0.0041225 , -0.11751976,  0.04085126,  0.18012069],\n",
       "       [ 0.0041225 ,  1.        , -0.01148639,  0.11508481,  0.21070992],\n",
       "       [-0.11751976, -0.01148639,  1.        ,  0.02858434, -0.07412299],\n",
       "       [ 0.04085126,  0.11508481,  0.02858434,  1.        , -0.06782794],\n",
       "       [ 0.18012069,  0.21070992, -0.07412299, -0.06782794,  1.        ]])"
      ]
     },
     "execution_count": 21,
     "metadata": {},
     "output_type": "execute_result"
    }
   ],
   "source": [
    "numpy.corrcoef(data.T)"
   ]
  },
  {
   "cell_type": "code",
   "execution_count": 22,
   "metadata": {
    "collapsed": false
   },
   "outputs": [
    {
     "data": {
      "text/plain": [
       "array([[ 1.        ,  0.0041225 , -0.11751976,  0.04085126,  0.18012069],\n",
       "       [ 0.0041225 ,  1.        , -0.01148639,  0.11508481,  0.21070992],\n",
       "       [-0.11751976, -0.01148639,  1.        ,  0.02858434, -0.07412299],\n",
       "       [ 0.04085126,  0.11508481,  0.02858434,  1.        , -0.06782794],\n",
       "       [ 0.18012069,  0.21070992, -0.07412299, -0.06782794,  1.        ]])"
      ]
     },
     "execution_count": 22,
     "metadata": {},
     "output_type": "execute_result"
    }
   ],
   "source": [
    "def my_corrcoef(data, weights):\n",
    "    data = data - numpy.average(data, axis=0, weights=weights)\n",
    "    shifted_cov = covariation(data, weights)\n",
    "    cov_diag = numpy.diag(shifted_cov)\n",
    "    return shifted_cov / numpy.sqrt(cov_diag[:, numpy.newaxis] * cov_diag[numpy.newaxis, :])\n",
    "\n",
    "my_corrcoef(data, numpy.ones(len(data)))"
   ]
  },
  {
   "cell_type": "markdown",
   "metadata": {},
   "source": [
    "### Pairwise distances between vectors\n",
    "\n",
    "we're given a set of vectors (say, 1000 vectors). The problem is to compute their pairwise distances."
   ]
  },
  {
   "cell_type": "code",
   "execution_count": 23,
   "metadata": {
    "collapsed": true
   },
   "outputs": [],
   "source": [
    "X = numpy.random.normal(size=[1000, 100])\n",
    "distances = ((X[:, numpy.newaxis, :] - X[numpy.newaxis, :, :]) ** 2).sum(axis=2) ** 0.5"
   ]
  },
  {
   "cell_type": "markdown",
   "metadata": {},
   "source": [
    "also, since algebra is you friend, you can do it times faster: \n",
    "$$||x_i - x_j||^2 = ||x_i||^2 + ||x_j||^2 - 2 (x_i, x_j) $$\n",
    "so dot products is the only thing you need."
   ]
  },
  {
   "cell_type": "code",
   "execution_count": 24,
   "metadata": {
    "collapsed": true
   },
   "outputs": [],
   "source": [
    "products = X.dot(X.T)\n",
    "distances2 = products.diagonal()[:, numpy.newaxis] + products.diagonal()[numpy.newaxis, :]  - 2 * products\n",
    "distances2 **= 0.5"
   ]
  },
  {
   "cell_type": "markdown",
   "metadata": {},
   "source": [
    "... but keep in mind there is __sklearn.metrics.pairwise__ which does it for you and has different options"
   ]
  },
  {
   "cell_type": "code",
   "execution_count": 25,
   "metadata": {
    "collapsed": false
   },
   "outputs": [
    {
     "data": {
      "text/plain": [
       "(True, True)"
      ]
     },
     "execution_count": 25,
     "metadata": {},
     "output_type": "execute_result"
    }
   ],
   "source": [
    "from sklearn.metrics.pairwise import pairwise_distances\n",
    "distances_sklearn = pairwise_distances(X)\n",
    "\n",
    "numpy.allclose(distances, distances_sklearn), numpy.allclose(distances2, distances_sklearn)"
   ]
  },
  {
   "cell_type": "markdown",
   "metadata": {},
   "source": [
    "# 3. numpy.unique, numpy.searchsorted"
   ]
  },
  {
   "cell_type": "markdown",
   "metadata": {},
   "source": [
    "### Converting categories to small integers\n",
    "\n",
    "Despite categories are easier to read, operating with them is much faster after you represent them as small numbers <br /> (for instance, in range [0, n_categories - 1])\n",
    "\n",
    "First generate some categories:"
   ]
  },
  {
   "cell_type": "code",
   "execution_count": 26,
   "metadata": {
    "collapsed": false
   },
   "outputs": [
    {
     "name": "stdout",
     "output_type": "stream",
     "text": [
      "['di' 'jk' 'ik' ..., 'dl' 'af' 'af']\n"
     ]
    }
   ],
   "source": [
    "from itertools import combinations\n",
    "possible_categories = map(lambda x: x[0] + x[1], list(combinations('abcdefghijklmn', 2)))\n",
    "categories = numpy.random.choice(possible_categories, size=10000)\n",
    "print categories"
   ]
  },
  {
   "cell_type": "markdown",
   "metadata": {},
   "source": [
    "Now we use __numpy.unique__ to convert them to numbers (pay attention to `return_inverse=True`)"
   ]
  },
  {
   "cell_type": "code",
   "execution_count": 27,
   "metadata": {
    "collapsed": false
   },
   "outputs": [],
   "source": [
    "unique_categories, new_categories = numpy.unique(categories, return_inverse=True)"
   ]
  },
  {
   "cell_type": "code",
   "execution_count": 28,
   "metadata": {
    "collapsed": false
   },
   "outputs": [
    {
     "name": "stdout",
     "output_type": "stream",
     "text": [
      "['ab' 'ac' 'ad' 'ae' 'af' 'ag' 'ah' 'ai' 'aj' 'ak' 'al' 'am' 'an' 'bc' 'bd'\n",
      " 'be' 'bf' 'bg' 'bh' 'bi' 'bj' 'bk' 'bl' 'bm' 'bn' 'cd' 'ce' 'cf' 'cg' 'ch'\n",
      " 'ci' 'cj' 'ck' 'cl' 'cm' 'cn' 'de' 'df' 'dg' 'dh' 'di' 'dj' 'dk' 'dl' 'dm'\n",
      " 'dn' 'ef' 'eg' 'eh' 'ei' 'ej' 'ek' 'el' 'em' 'en' 'fg' 'fh' 'fi' 'fj' 'fk'\n",
      " 'fl' 'fm' 'fn' 'gh' 'gi' 'gj' 'gk' 'gl' 'gm' 'gn' 'hi' 'hj' 'hk' 'hl' 'hm'\n",
      " 'hn' 'ij' 'ik' 'il' 'im' 'in' 'jk' 'jl' 'jm' 'jn' 'kl' 'km' 'kn' 'lm' 'ln'\n",
      " 'mn']\n",
      "[40 81 77 ..., 43  4  4]\n"
     ]
    }
   ],
   "source": [
    "print unique_categories\n",
    "print new_categories"
   ]
  },
  {
   "cell_type": "markdown",
   "metadata": {},
   "source": [
    "Also we can reconstruct old categories if needed:"
   ]
  },
  {
   "cell_type": "code",
   "execution_count": 29,
   "metadata": {
    "collapsed": false
   },
   "outputs": [
    {
     "name": "stdout",
     "output_type": "stream",
     "text": [
      "['di' 'jk' 'ik' ..., 'dl' 'af' 'af']\n",
      "['di' 'jk' 'ik' ..., 'dl' 'af' 'af']\n"
     ]
    }
   ],
   "source": [
    "print categories\n",
    "print unique_categories[new_categories]"
   ]
  },
  {
   "cell_type": "markdown",
   "metadata": {},
   "source": [
    "### Mapping new categories\n",
    "\n",
    "When we need to map new categories using the same lookup table, we can use `numpy.searchsorted`"
   ]
  },
  {
   "cell_type": "code",
   "execution_count": 30,
   "metadata": {
    "collapsed": false
   },
   "outputs": [
    {
     "name": "stdout",
     "output_type": "stream",
     "text": [
      "['ak' 'be' 'jn' ..., 'fg' 'dk' 'ei']\n",
      "['ak' 'be' 'jn' ..., 'fg' 'dk' 'ei']\n"
     ]
    }
   ],
   "source": [
    "categories2 = numpy.random.choice(possible_categories, size=10000)\n",
    "new_categories2 = numpy.searchsorted(unique_categories, categories2)\n",
    "print categories2\n",
    "print unique_categories[new_categories2]"
   ]
  },
  {
   "cell_type": "markdown",
   "metadata": {},
   "source": [
    "### Checking values present in the lookup\n",
    "\n",
    "Usually, we use `set` to have many checks that each element exists in array. But __numpy.unique__ is better option - it works dozens times faster."
   ]
  },
  {
   "cell_type": "code",
   "execution_count": 31,
   "metadata": {
    "collapsed": false
   },
   "outputs": [
    {
     "data": {
      "text/plain": [
       "array([ True,  True, False], dtype=bool)"
      ]
     },
     "execution_count": 31,
     "metadata": {},
     "output_type": "execute_result"
    }
   ],
   "source": [
    "numpy.in1d(['ab', 'ac', 'something new'], unique_categories)"
   ]
  },
  {
   "cell_type": "markdown",
   "metadata": {},
   "source": [
    "### Handling missing categories\n",
    "\n",
    "When some new category appears in test data, this is always a trouble. Possible solutions:\n",
    "\n",
    "* map randomly to one of present categories (this, i.e. is done by hashing trick)\n",
    "* make a special category 'unknown' where all new values will be mapped. Then special value may be chosen for it.\n",
    "  This approach is more general, but requires more efforts.\n",
    "\n",
    "Below you can find the transformer for second approach:"
   ]
  },
  {
   "cell_type": "code",
   "execution_count": 32,
   "metadata": {
    "collapsed": true
   },
   "outputs": [],
   "source": [
    "class CategoryMapper:\n",
    "    def fit(self, categories):\n",
    "        self.lookup = numpy.unique(categories)\n",
    "        return self\n",
    "        \n",
    "    def transform(self, categories):\n",
    "        \"\"\"Converts categories to numbers, 0 is reserved for new values (not present in fitted data)\"\"\"\n",
    "        return (numpy.searchsorted(self.lookup, categories) + 1) * numpy.in1d(categories, self.lookup)    "
   ]
  },
  {
   "cell_type": "code",
   "execution_count": 33,
   "metadata": {
    "collapsed": false
   },
   "outputs": [
    {
     "data": {
      "text/plain": [
       "array([1, 0])"
      ]
     },
     "execution_count": 33,
     "metadata": {},
     "output_type": "execute_result"
    }
   ],
   "source": [
    "CategoryMapper().fit(categories).transform([unique_categories[0], 'abc'])"
   ]
  },
  {
   "cell_type": "markdown",
   "metadata": {},
   "source": [
    "# 4. numpy.percentile, numpy.bincount\n"
   ]
  },
  {
   "cell_type": "markdown",
   "metadata": {},
   "source": [
    "### Splitting data into bins\n",
    "\n",
    "Splitting data into bins is frequently necessary. Simplest way done e.g. by `numpy.histogram` is splitting region with even bins of same size.\n",
    "\n",
    "This usually works poorly with distributions with long tails (or strange shape) and requires additional transformation to avoid empty or too large bins.\n",
    "\n",
    "However, for most cases creating the bins with equal number of events gives more convenient and stable results.\n",
    "Selecting the edges of bins can be done with `numpy.percentile`."
   ]
  },
  {
   "cell_type": "code",
   "execution_count": 34,
   "metadata": {
    "collapsed": false
   },
   "outputs": [
    {
     "data": {
